7.367000000000000000e+03
7.331000000000000000e+03
7.318000000000000000e+03
7.460000000000000000e+03
7.357000000000000000e+03
7.555000000000000000e+03
7.444000000000000000e+03
7.375000000000000000e+03
7.435000000000000000e+03
7.434000000000000000e+03
7.305000000000000000e+03
7.422000000000000000e+03
7.550000000000000000e+03
7.304000000000000000e+03
7.324000000000000000e+03
7.341000000000000000e+03
7.440000000000000000e+03
7.430000000000000000e+03
7.318000000000000000e+03
7.519000000000000000e+03
7.516000000000000000e+03
7.504000000000000000e+03
7.440000000000000000e+03
7.561000000000000000e+03
7.359000000000000000e+03
7.310000000000000000e+03
7.362000000000000000e+03
7.344000000000000000e+03
7.429000000000000000e+03
7.519000000000000000e+03
7.401000000000000000e+03
7.389000000000000000e+03
7.551000000000000000e+03
7.448000000000000000e+03
7.418000000000000000e+03
7.439000000000000000e+03
7.304000000000000000e+03
7.450000000000000000e+03
7.321000000000000000e+03
7.537000000000000000e+03
7.392000000000000000e+03
7.553000000000000000e+03
7.459000000000000000e+03
7.375000000000000000e+03
7.313000000000000000e+03
7.384000000000000000e+03
7.471000000000000000e+03
7.416000000000000000e+03
7.474000000000000000e+03
7.315000000000000000e+03
7.362000000000000000e+03
7.403000000000000000e+03
7.305000000000000000e+03
7.309000000000000000e+03
7.499000000000000000e+03
7.521000000000000000e+03
7.500000000000000000e+03
7.522000000000000000e+03
7.351000000000000000e+03
7.470000000000000000e+03
7.335000000000000000e+03
7.542000000000000000e+03
7.324000000000000000e+03
7.528000000000000000e+03
7.560000000000000000e+03
7.383000000000000000e+03
7.412000000000000000e+03
7.463000000000000000e+03
7.454000000000000000e+03
7.449000000000000000e+03
7.366000000000000000e+03
7.324000000000000000e+03
7.498000000000000000e+03
7.460000000000000000e+03
7.308000000000000000e+03
7.533000000000000000e+03
7.456000000000000000e+03
7.364000000000000000e+03
7.447000000000000000e+03
7.343000000000000000e+03
7.442000000000000000e+03
7.439000000000000000e+03
7.504000000000000000e+03
7.555000000000000000e+03
7.335000000000000000e+03
7.356000000000000000e+03
7.485000000000000000e+03
7.555000000000000000e+03
7.413000000000000000e+03
7.364000000000000000e+03
7.559000000000000000e+03
7.349000000000000000e+03
7.532000000000000000e+03
7.339000000000000000e+03
7.405000000000000000e+03
7.341000000000000000e+03
7.315000000000000000e+03
7.455000000000000000e+03
7.469000000000000000e+03
7.309000000000000000e+03
3.196000000000000000e+03
3.363000000000000000e+03
3.372000000000000000e+03
3.347000000000000000e+03
3.172000000000000000e+03
3.374000000000000000e+03
3.191000000000000000e+03
3.174000000000000000e+03
3.376000000000000000e+03
3.240000000000000000e+03
3.299000000000000000e+03
3.144000000000000000e+03
3.213000000000000000e+03
3.377000000000000000e+03
3.256000000000000000e+03
3.223000000000000000e+03
3.222000000000000000e+03
3.146000000000000000e+03
3.124000000000000000e+03
3.176000000000000000e+03
3.294000000000000000e+03
3.142000000000000000e+03
3.371000000000000000e+03
3.121000000000000000e+03
3.281000000000000000e+03
3.343000000000000000e+03
3.348000000000000000e+03
3.198000000000000000e+03
3.217000000000000000e+03
3.281000000000000000e+03
3.363000000000000000e+03
3.212000000000000000e+03
3.369000000000000000e+03
3.261000000000000000e+03
3.271000000000000000e+03
3.171000000000000000e+03
3.183000000000000000e+03
3.138000000000000000e+03
3.257000000000000000e+03
3.244000000000000000e+03
3.293000000000000000e+03
3.158000000000000000e+03
3.203000000000000000e+03
3.213000000000000000e+03
3.359000000000000000e+03
3.132000000000000000e+03
3.187000000000000000e+03
3.320000000000000000e+03
3.233000000000000000e+03
3.308000000000000000e+03
3.349000000000000000e+03
3.234000000000000000e+03
3.202000000000000000e+03
3.272000000000000000e+03
3.344000000000000000e+03
3.273000000000000000e+03
3.228000000000000000e+03
3.184000000000000000e+03
3.374000000000000000e+03
3.356000000000000000e+03
3.370000000000000000e+03
3.232000000000000000e+03
3.259000000000000000e+03
3.252000000000000000e+03
3.283000000000000000e+03
3.259000000000000000e+03
3.250000000000000000e+03
3.328000000000000000e+03
3.250000000000000000e+03
3.306000000000000000e+03
3.375000000000000000e+03
3.274000000000000000e+03
3.228000000000000000e+03
3.157000000000000000e+03
3.264000000000000000e+03
3.254000000000000000e+03
3.372000000000000000e+03
3.171000000000000000e+03
3.302000000000000000e+03
3.185000000000000000e+03
3.262000000000000000e+03
3.151000000000000000e+03
3.334000000000000000e+03
3.142000000000000000e+03
3.318000000000000000e+03
3.167000000000000000e+03
3.229000000000000000e+03
3.360000000000000000e+03
3.151000000000000000e+03
3.127000000000000000e+03
3.148000000000000000e+03
3.359000000000000000e+03
3.157000000000000000e+03
3.131000000000000000e+03
3.173000000000000000e+03
3.232000000000000000e+03
3.284000000000000000e+03
3.338000000000000000e+03
3.342000000000000000e+03
4.200000000000000000e+03
2.778000000000000000e+03
2.845000000000000000e+03
2.722000000000000000e+03
2.835000000000000000e+03
2.711000000000000000e+03
2.833000000000000000e+03
2.829000000000000000e+03
2.754000000000000000e+03
2.671000000000000000e+03
2.766000000000000000e+03
2.713000000000000000e+03
2.595000000000000000e+03
2.714000000000000000e+03
2.602000000000000000e+03
2.803000000000000000e+03
2.658000000000000000e+03
2.722000000000000000e+03
2.814000000000000000e+03
2.828000000000000000e+03
2.654000000000000000e+03
2.803000000000000000e+03
2.619000000000000000e+03
2.760000000000000000e+03
2.813000000000000000e+03
2.711000000000000000e+03
2.719000000000000000e+03
2.646000000000000000e+03
2.850000000000000000e+03
2.604000000000000000e+03
2.711000000000000000e+03
2.832000000000000000e+03
2.764000000000000000e+03
2.856000000000000000e+03
2.637000000000000000e+03
2.638000000000000000e+03
2.596000000000000000e+03
2.639000000000000000e+03
2.688000000000000000e+03
2.733000000000000000e+03
2.683000000000000000e+03
2.653000000000000000e+03
2.780000000000000000e+03
2.757000000000000000e+03
2.843000000000000000e+03
2.604000000000000000e+03
2.660000000000000000e+03
2.787000000000000000e+03
2.795000000000000000e+03
2.856000000000000000e+03
2.725000000000000000e+03
2.718000000000000000e+03
2.666000000000000000e+03
2.734000000000000000e+03
2.769000000000000000e+03
2.693000000000000000e+03
2.597000000000000000e+03
2.668000000000000000e+03
2.631000000000000000e+03
2.845000000000000000e+03
2.638000000000000000e+03
2.848000000000000000e+03
2.596000000000000000e+03
2.726000000000000000e+03
2.694000000000000000e+03
2.645000000000000000e+03
2.658000000000000000e+03
2.602000000000000000e+03
2.790000000000000000e+03
2.629000000000000000e+03
2.733000000000000000e+03
2.830000000000000000e+03
2.743000000000000000e+03
2.734000000000000000e+03
2.829000000000000000e+03
2.840000000000000000e+03
2.630000000000000000e+03
2.795000000000000000e+03
2.633000000000000000e+03
2.727000000000000000e+03
2.759000000000000000e+03
2.837000000000000000e+03
2.721000000000000000e+03
2.753000000000000000e+03
2.657000000000000000e+03
2.807000000000000000e+03
2.736000000000000000e+03
2.719000000000000000e+03
2.823000000000000000e+03
2.743000000000000000e+03
2.826000000000000000e+03
2.854000000000000000e+03
2.616000000000000000e+03
2.813000000000000000e+03
2.709000000000000000e+03
2.670000000000000000e+03
2.622000000000000000e+03
2.643000000000000000e+03
2.659000000000000000e+03
2.739000000000000000e+03
5.527000000000000000e+03
4.926000000000000000e+03
4.928000000000000000e+03
4.809000000000000000e+03
4.819000000000000000e+03
4.928000000000000000e+03
4.983000000000000000e+03
4.982000000000000000e+03
4.925000000000000000e+03
4.867000000000000000e+03
5.020000000000000000e+03
4.919000000000000000e+03
4.898000000000000000e+03
5.014000000000000000e+03
4.796000000000000000e+03
5.000000000000000000e+03
4.905000000000000000e+03
4.924000000000000000e+03
4.889000000000000000e+03
4.921000000000000000e+03
4.798000000000000000e+03
4.953000000000000000e+03
4.813000000000000000e+03
5.028000000000000000e+03
4.994000000000000000e+03
5.008000000000000000e+03
5.048000000000000000e+03
4.812000000000000000e+03
4.855000000000000000e+03
4.857000000000000000e+03
4.893000000000000000e+03
4.945000000000000000e+03
4.952000000000000000e+03
4.798000000000000000e+03
5.013000000000000000e+03
4.924000000000000000e+03
4.813000000000000000e+03
4.978000000000000000e+03
4.944000000000000000e+03
4.933000000000000000e+03
4.835000000000000000e+03
4.872000000000000000e+03
4.923000000000000000e+03
5.027000000000000000e+03
5.046000000000000000e+03
4.934000000000000000e+03
4.805000000000000000e+03
4.936000000000000000e+03
4.991000000000000000e+03
4.921000000000000000e+03
4.951000000000000000e+03
4.993000000000000000e+03
5.047000000000000000e+03
5.016000000000000000e+03
4.877000000000000000e+03
4.935000000000000000e+03
4.918000000000000000e+03
4.816000000000000000e+03
5.043000000000000000e+03
5.040000000000000000e+03
4.916000000000000000e+03
4.929000000000000000e+03
5.049000000000000000e+03
5.044000000000000000e+03
4.849000000000000000e+03
5.019000000000000000e+03
5.019000000000000000e+03
4.829000000000000000e+03
4.949000000000000000e+03
5.048000000000000000e+03
5.049000000000000000e+03
5.047000000000000000e+03
4.839000000000000000e+03
4.957000000000000000e+03
4.970000000000000000e+03
5.024000000000000000e+03
4.812000000000000000e+03
4.957000000000000000e+03
4.851000000000000000e+03
5.014000000000000000e+03
5.022000000000000000e+03
5.012000000000000000e+03
4.801000000000000000e+03
4.957000000000000000e+03
4.927000000000000000e+03
5.043000000000000000e+03
5.027000000000000000e+03
4.797000000000000000e+03
5.023000000000000000e+03
5.041000000000000000e+03
5.033000000000000000e+03
4.919000000000000000e+03
4.862000000000000000e+03
5.027000000000000000e+03
5.039000000000000000e+03
4.907000000000000000e+03
5.022000000000000000e+03
4.932000000000000000e+03
4.814000000000000000e+03
4.823000000000000000e+03
4.261000000000000000e+03
1.145000000000000000e+03
1.078000000000000000e+03
1.017000000000000000e+03
1.145000000000000000e+03
9.420000000000000000e+02
1.013000000000000000e+03
9.240000000000000000e+02
9.140000000000000000e+02
1.031000000000000000e+03
8.940000000000000000e+02
1.007000000000000000e+03
1.096000000000000000e+03
9.390000000000000000e+02
1.136000000000000000e+03
8.920000000000000000e+02
1.102000000000000000e+03
1.072000000000000000e+03
1.030000000000000000e+03
1.058000000000000000e+03
9.150000000000000000e+02
9.320000000000000000e+02
9.470000000000000000e+02
1.027000000000000000e+03
1.017000000000000000e+03
9.150000000000000000e+02
9.120000000000000000e+02
1.057000000000000000e+03
1.010000000000000000e+03
9.610000000000000000e+02
1.062000000000000000e+03
9.650000000000000000e+02
1.121000000000000000e+03
9.070000000000000000e+02
1.017000000000000000e+03
1.047000000000000000e+03
1.019000000000000000e+03
1.025000000000000000e+03
1.006000000000000000e+03
1.003000000000000000e+03
1.002000000000000000e+03
1.016000000000000000e+03
1.146000000000000000e+03
1.043000000000000000e+03
9.380000000000000000e+02
1.138000000000000000e+03
9.180000000000000000e+02
9.500000000000000000e+02
1.020000000000000000e+03
1.055000000000000000e+03
1.103000000000000000e+03
9.160000000000000000e+02
1.145000000000000000e+03
8.930000000000000000e+02
9.190000000000000000e+02
1.080000000000000000e+03
1.097000000000000000e+03
9.040000000000000000e+02
1.016000000000000000e+03
9.010000000000000000e+02
1.143000000000000000e+03
9.040000000000000000e+02
1.091000000000000000e+03
1.007000000000000000e+03
9.640000000000000000e+02
1.146000000000000000e+03
8.930000000000000000e+02
1.102000000000000000e+03
1.006000000000000000e+03
9.870000000000000000e+02
8.980000000000000000e+02
1.021000000000000000e+03
9.120000000000000000e+02
9.920000000000000000e+02
1.144000000000000000e+03
1.017000000000000000e+03
1.070000000000000000e+03
1.068000000000000000e+03
9.850000000000000000e+02
9.880000000000000000e+02
9.630000000000000000e+02
9.570000000000000000e+02
1.122000000000000000e+03
1.037000000000000000e+03
1.111000000000000000e+03
9.790000000000000000e+02
1.115000000000000000e+03
8.950000000000000000e+02
1.000000000000000000e+03
1.064000000000000000e+03
9.830000000000000000e+02
9.100000000000000000e+02
9.480000000000000000e+02
9.230000000000000000e+02
9.120000000000000000e+02
1.016000000000000000e+03
1.099000000000000000e+03
1.112000000000000000e+03
9.800000000000000000e+02
9.920000000000000000e+02
7.420000000000000000e+02
8.876000000000000000e+03
9.029000000000000000e+03
8.923000000000000000e+03
8.793000000000000000e+03
8.897000000000000000e+03
8.974000000000000000e+03
9.045000000000000000e+03
8.876000000000000000e+03
8.920000000000000000e+03
8.931000000000000000e+03
8.859000000000000000e+03
9.041000000000000000e+03
8.791000000000000000e+03
8.907000000000000000e+03
8.873000000000000000e+03
8.918000000000000000e+03
8.895000000000000000e+03
8.998000000000000000e+03
8.794000000000000000e+03
8.891000000000000000e+03
9.036000000000000000e+03
9.021000000000000000e+03
8.922000000000000000e+03
8.985000000000000000e+03
8.954000000000000000e+03
8.966000000000000000e+03
8.800000000000000000e+03
8.907000000000000000e+03
9.044000000000000000e+03
8.942000000000000000e+03
8.969000000000000000e+03
8.970000000000000000e+03
9.024000000000000000e+03
8.914000000000000000e+03
8.934000000000000000e+03
8.927000000000000000e+03
9.040000000000000000e+03
8.917000000000000000e+03
8.879000000000000000e+03
8.848000000000000000e+03
9.012000000000000000e+03
8.949000000000000000e+03
8.858000000000000000e+03
8.911000000000000000e+03
8.930000000000000000e+03
8.801000000000000000e+03
8.823000000000000000e+03
8.906000000000000000e+03
8.837000000000000000e+03
8.917000000000000000e+03
8.912000000000000000e+03
8.890000000000000000e+03
8.978000000000000000e+03
8.848000000000000000e+03
8.904000000000000000e+03
8.806000000000000000e+03
9.014000000000000000e+03
8.893000000000000000e+03
9.022000000000000000e+03
9.018000000000000000e+03
9.042000000000000000e+03
8.813000000000000000e+03
9.043000000000000000e+03
9.043000000000000000e+03
8.796000000000000000e+03
8.908000000000000000e+03
8.918000000000000000e+03
8.903000000000000000e+03
8.918000000000000000e+03
8.902000000000000000e+03
8.885000000000000000e+03
8.923000000000000000e+03
8.862000000000000000e+03
8.797000000000000000e+03
8.801000000000000000e+03
8.852000000000000000e+03
9.036000000000000000e+03
8.932000000000000000e+03
8.796000000000000000e+03
8.965000000000000000e+03
8.946000000000000000e+03
8.877000000000000000e+03
8.925000000000000000e+03
8.878000000000000000e+03
8.995000000000000000e+03
8.940000000000000000e+03
8.826000000000000000e+03
8.989000000000000000e+03
8.921000000000000000e+03
8.853000000000000000e+03
8.811000000000000000e+03
8.846000000000000000e+03
8.896000000000000000e+03
9.003000000000000000e+03
8.867000000000000000e+03
8.889000000000000000e+03
8.870000000000000000e+03
9.041000000000000000e+03
9.028000000000000000e+03
5.874000000000000000e+03
2.056000000000000000e+03
2.076000000000000000e+03
2.101000000000000000e+03
1.956000000000000000e+03
2.048000000000000000e+03
2.137000000000000000e+03
2.061000000000000000e+03
2.170000000000000000e+03
1.983000000000000000e+03
2.051000000000000000e+03
1.935000000000000000e+03
1.976000000000000000e+03
2.118000000000000000e+03
2.066000000000000000e+03
2.167000000000000000e+03
2.171000000000000000e+03
2.001000000000000000e+03
1.999000000000000000e+03
2.116000000000000000e+03
1.929000000000000000e+03
2.025000000000000000e+03
1.999000000000000000e+03
2.095000000000000000e+03
2.123000000000000000e+03
1.968000000000000000e+03
2.063000000000000000e+03
2.146000000000000000e+03
1.955000000000000000e+03
1.953000000000000000e+03
2.047000000000000000e+03
1.953000000000000000e+03
2.153000000000000000e+03
1.982000000000000000e+03
2.153000000000000000e+03
2.146000000000000000e+03
2.038000000000000000e+03
1.991000000000000000e+03
1.997000000000000000e+03
2.058000000000000000e+03
2.064000000000000000e+03
2.049000000000000000e+03
2.080000000000000000e+03
2.020000000000000000e+03
1.947000000000000000e+03
2.052000000000000000e+03
1.943000000000000000e+03
1.971000000000000000e+03
2.091000000000000000e+03
2.169000000000000000e+03
2.048000000000000000e+03
1.929000000000000000e+03
2.089000000000000000e+03
1.945000000000000000e+03
1.930000000000000000e+03
2.070000000000000000e+03
2.107000000000000000e+03
2.095000000000000000e+03
2.044000000000000000e+03
2.050000000000000000e+03
2.049000000000000000e+03
1.965000000000000000e+03
2.017000000000000000e+03
2.025000000000000000e+03
2.148000000000000000e+03
2.053000000000000000e+03
2.050000000000000000e+03
1.972000000000000000e+03
1.980000000000000000e+03
2.094000000000000000e+03
2.095000000000000000e+03
1.935000000000000000e+03
1.995000000000000000e+03
1.931000000000000000e+03
2.090000000000000000e+03
1.968000000000000000e+03
2.052000000000000000e+03
2.118000000000000000e+03
2.032000000000000000e+03
2.034000000000000000e+03
2.066000000000000000e+03
1.948000000000000000e+03
2.153000000000000000e+03
2.164000000000000000e+03
1.955000000000000000e+03
2.089000000000000000e+03
2.170000000000000000e+03
1.932000000000000000e+03
2.100000000000000000e+03
2.148000000000000000e+03
2.111000000000000000e+03
2.145000000000000000e+03
2.118000000000000000e+03
1.946000000000000000e+03
2.049000000000000000e+03
2.038000000000000000e+03
1.939000000000000000e+03
2.053000000000000000e+03
2.081000000000000000e+03
2.050000000000000000e+03
7.408000000000000000e+03
2.757000000000000000e+03
2.705000000000000000e+03
2.885000000000000000e+03
2.912000000000000000e+03
2.683000000000000000e+03
2.782000000000000000e+03
2.772000000000000000e+03
2.793000000000000000e+03
2.719000000000000000e+03
2.871000000000000000e+03
2.698000000000000000e+03
2.908000000000000000e+03
2.813000000000000000e+03
2.675000000000000000e+03
2.762000000000000000e+03
2.793000000000000000e+03
2.791000000000000000e+03
2.739000000000000000e+03
2.918000000000000000e+03
2.690000000000000000e+03
2.908000000000000000e+03
2.745000000000000000e+03
2.842000000000000000e+03
2.900000000000000000e+03
2.672000000000000000e+03
2.805000000000000000e+03
2.800000000000000000e+03
2.819000000000000000e+03
2.679000000000000000e+03
2.807000000000000000e+03
2.735000000000000000e+03
2.690000000000000000e+03
2.722000000000000000e+03
2.788000000000000000e+03
2.918000000000000000e+03
2.853000000000000000e+03
2.683000000000000000e+03
2.853000000000000000e+03
2.897000000000000000e+03
2.796000000000000000e+03
2.680000000000000000e+03
2.807000000000000000e+03
2.873000000000000000e+03
2.764000000000000000e+03
2.675000000000000000e+03
2.787000000000000000e+03
2.745000000000000000e+03
2.912000000000000000e+03
2.687000000000000000e+03
2.813000000000000000e+03
2.869000000000000000e+03
2.736000000000000000e+03
2.792000000000000000e+03
2.670000000000000000e+03
2.784000000000000000e+03
2.915000000000000000e+03
2.741000000000000000e+03
2.785000000000000000e+03
2.739000000000000000e+03
2.876000000000000000e+03
2.787000000000000000e+03
2.818000000000000000e+03
2.920000000000000000e+03
2.797000000000000000e+03
2.669000000000000000e+03
2.670000000000000000e+03
2.710000000000000000e+03
2.889000000000000000e+03
2.902000000000000000e+03
2.921000000000000000e+03
2.784000000000000000e+03
2.907000000000000000e+03
2.722000000000000000e+03
2.758000000000000000e+03
2.796000000000000000e+03
2.812000000000000000e+03
2.871000000000000000e+03
2.761000000000000000e+03
2.846000000000000000e+03
2.894000000000000000e+03
2.754000000000000000e+03
2.908000000000000000e+03
2.895000000000000000e+03
2.800000000000000000e+03
2.835000000000000000e+03
2.840000000000000000e+03
2.785000000000000000e+03
2.686000000000000000e+03
2.803000000000000000e+03
2.800000000000000000e+03
2.734000000000000000e+03
2.744000000000000000e+03
2.861000000000000000e+03
2.746000000000000000e+03
2.669000000000000000e+03
2.778000000000000000e+03
2.890000000000000000e+03
2.748000000000000000e+03
2.783000000000000000e+03
9.735000000000000000e+03
6.433000000000000000e+03
6.568000000000000000e+03
6.473000000000000000e+03
6.331000000000000000e+03
6.439000000000000000e+03
6.435000000000000000e+03
6.467000000000000000e+03
6.321000000000000000e+03
6.546000000000000000e+03
6.517000000000000000e+03
6.373000000000000000e+03
6.539000000000000000e+03
6.403000000000000000e+03
6.419000000000000000e+03
6.444000000000000000e+03
6.416000000000000000e+03
6.546000000000000000e+03
6.544000000000000000e+03
6.446000000000000000e+03
6.369000000000000000e+03
6.395000000000000000e+03
6.510000000000000000e+03
6.327000000000000000e+03
6.399000000000000000e+03
6.500000000000000000e+03
6.413000000000000000e+03
6.549000000000000000e+03
6.370000000000000000e+03
6.317000000000000000e+03
6.514000000000000000e+03
6.506000000000000000e+03
6.442000000000000000e+03
6.325000000000000000e+03
6.504000000000000000e+03
6.457000000000000000e+03
6.448000000000000000e+03
6.347000000000000000e+03
6.324000000000000000e+03
6.340000000000000000e+03
6.464000000000000000e+03
6.506000000000000000e+03
6.539000000000000000e+03
6.453000000000000000e+03
6.349000000000000000e+03
6.570000000000000000e+03
6.316000000000000000e+03
6.408000000000000000e+03
6.356000000000000000e+03
6.552000000000000000e+03
6.370000000000000000e+03
6.447000000000000000e+03
6.464000000000000000e+03
6.364000000000000000e+03
6.382000000000000000e+03
6.321000000000000000e+03
6.556000000000000000e+03
6.401000000000000000e+03
6.355000000000000000e+03
6.373000000000000000e+03
6.439000000000000000e+03
6.353000000000000000e+03
6.403000000000000000e+03
6.326000000000000000e+03
6.383000000000000000e+03
6.383000000000000000e+03
6.548000000000000000e+03
6.356000000000000000e+03
6.343000000000000000e+03
6.315000000000000000e+03
6.444000000000000000e+03
6.418000000000000000e+03
6.406000000000000000e+03
6.323000000000000000e+03
6.428000000000000000e+03
6.334000000000000000e+03
6.424000000000000000e+03
6.431000000000000000e+03
6.395000000000000000e+03
6.495000000000000000e+03
6.342000000000000000e+03
6.556000000000000000e+03
6.422000000000000000e+03
6.322000000000000000e+03
6.450000000000000000e+03
6.482000000000000000e+03
6.448000000000000000e+03
6.472000000000000000e+03
6.492000000000000000e+03
6.452000000000000000e+03
6.356000000000000000e+03
6.351000000000000000e+03
6.478000000000000000e+03
6.549000000000000000e+03
6.478000000000000000e+03
6.556000000000000000e+03
6.321000000000000000e+03
6.467000000000000000e+03
6.406000000000000000e+03
6.511000000000000000e+03
8.047000000000000000e+03
3.063000000000000000e+03
3.072000000000000000e+03
2.891000000000000000e+03
2.825000000000000000e+03
2.900000000000000000e+03
2.842000000000000000e+03
2.972000000000000000e+03
2.863000000000000000e+03
2.923000000000000000e+03
2.825000000000000000e+03
2.837000000000000000e+03
2.934000000000000000e+03
2.975000000000000000e+03
2.892000000000000000e+03
2.896000000000000000e+03
3.072000000000000000e+03
2.860000000000000000e+03
2.978000000000000000e+03
3.004000000000000000e+03
3.067000000000000000e+03
2.941000000000000000e+03
2.896000000000000000e+03
2.941000000000000000e+03
2.813000000000000000e+03
2.909000000000000000e+03
3.044000000000000000e+03
2.903000000000000000e+03
2.938000000000000000e+03
2.936000000000000000e+03
2.925000000000000000e+03
2.813000000000000000e+03
2.965000000000000000e+03
2.846000000000000000e+03
2.924000000000000000e+03
3.058000000000000000e+03
2.808000000000000000e+03
2.860000000000000000e+03
2.917000000000000000e+03
2.809000000000000000e+03
2.998000000000000000e+03
2.808000000000000000e+03
2.891000000000000000e+03
2.912000000000000000e+03
2.939000000000000000e+03
3.035000000000000000e+03
2.988000000000000000e+03
2.864000000000000000e+03
2.995000000000000000e+03
2.939000000000000000e+03
3.038000000000000000e+03
2.963000000000000000e+03
2.903000000000000000e+03
2.964000000000000000e+03
3.011000000000000000e+03
2.837000000000000000e+03
2.896000000000000000e+03
2.979000000000000000e+03
2.951000000000000000e+03
2.966000000000000000e+03
2.861000000000000000e+03
2.953000000000000000e+03
2.889000000000000000e+03
2.977000000000000000e+03
2.862000000000000000e+03
2.807000000000000000e+03
2.877000000000000000e+03
2.988000000000000000e+03
2.831000000000000000e+03
2.833000000000000000e+03
2.926000000000000000e+03
3.071000000000000000e+03
2.929000000000000000e+03
2.967000000000000000e+03
2.960000000000000000e+03
3.019000000000000000e+03
3.072000000000000000e+03
2.807000000000000000e+03
2.991000000000000000e+03
2.834000000000000000e+03
2.835000000000000000e+03
3.037000000000000000e+03
2.867000000000000000e+03
2.888000000000000000e+03
2.894000000000000000e+03
2.900000000000000000e+03
2.842000000000000000e+03
3.070000000000000000e+03
3.003000000000000000e+03
2.815000000000000000e+03
2.937000000000000000e+03
2.944000000000000000e+03
2.944000000000000000e+03
2.973000000000000000e+03
2.949000000000000000e+03
2.992000000000000000e+03
2.919000000000000000e+03
3.045000000000000000e+03
2.962000000000000000e+03
2.888000000000000000e+03
5.371000000000000000e+03
